###########################
# This is a simple FE-Model
###########################
# NodeList
# NodeNb X Y Z
0 0.0000 0.00000 0.00000
1 20.0000 0.00000 0.00000
2 40.0000 0.00000 0.00000
3 60.0000 0.00000 0.00000
4 80.0000 0.00000 0.00000
5 100.000 0.00000 0.00000
6 0.00000 10.0000 0.00000
7 20.0000 10.0000 0.00000
8 40.0000 10.0000 0.00000
9 60.0000 10.0000 0.00000
10 80.0000 10.0000 0.00000
11 100.000 10.0000 0.00000
12 0.00000 20.0000 0.00000
13 20.0000 20.0000 0.00000
14 40.0000 20.0000 0.00000
15 60.0000 20.0000 0.00000
16 80.0000 20.0000 0.00000
17 100.000 20.0000 0.00000
18 0.00000 30.0000 0.00000
19 20.0000 30.0000 0.00000
20 40.0000 30.0000 0.00000
21 60.0000 30.0000 0.00000
22 80.0000 30.0000 0.00000
23 100.000 30.0000 0.00000
#ElementList
#ElementNb Node1 Node2 Node3 Node4
0 0 1 7 6
1 1 2 8 7
2 2 3 9 8
3 3 4 10 9
4 4 5 11 10
5 6 7 13 12
6 7 8 14 13
7 8 9 15 14
8 9 10 16 15
9 10 11 17 16
10 12 13 19 18
11 13 14 20 19
12 14 15 21 20
13 15 16 22 21
14 16 17 23 22
